100
-93 38 76 9 56
78 12 96 -15 -55
-66 -50 13 -91 -77
96 -49 -44 -20 25
-95 10 53 -1 13
55 86 2 -62 -26
67 26 49 43 22
61 73 -14 -12 -45
-44 35 88 93 -7
-82 27 -5 96 -40
-23 -16 85 -25 -2
20 -87 -72 -99 -31
-53 -33 59 -92 -25
5 -25 46 94 15
19 -4 74 26 -15
60 -43 -8 69 -51
83 -90 -12 -6 -89
19 -66 40 88 7
32 38 93 -62 37
-89 -72 24 8 79
-96 -9 -38 95 34
86 82 52 -45 92
53 -81 -20 0 -23
89 -58 -77 -41 37
-83 81 75 -28 -5
52 -87 -97 -7 -27
-25 -39 -81 85 -26
-99 -75 63 -26 96
94 0 11 77 -42
-72 37 -60 -88 76
66 53 96 -22 -63
-90 -51 70 91 -76
66 43 -8 21 28
-83 81 90 -76 -28
-60 66 33 -42 14
-75 -74 -36 93 87
-73 35 95 -81 -45
-66 63 56 -25 73
-60 -30 -78 70 -52
39 99 -32 51 2
82 -21 -98 -59 50
59 -50 -79 -5 17
5 -30 -37 -25 -7
90 17 66 -15 55
84 -65 28 -59 -63
-90 23 89 37 -26
68 78 49 -72 -45
31 84 -52 92 -55
65 -21 86 -74 -32
-64 -96 50 35 81
61 -18 -54 77 57
55 -6 -81 -72 -41
-55 -86 72 90 93
53 -15 10 -66 41
84 31 -30 -39 -86
96 -6 -68 -43 76
83 59 9 -17 -37
-93 -9 97 81 -65
-74 10 -83 -50 -28
43 59 -14 -6 46
31 55 78 53 -6
-73 -69 69 83 -52
52 -15 -67 -3 -15
83 -88 58 -85 71
-44 -91 33 63 -96
23 89 7 68 46
30 20 -1 10 -25
-23 -32 -67 -1 33
-72 93 17 7 10
-37 -78 -29 24 -61
-61 77 -89 57 -4
48 -73 74 79 7
48 71 -49 53 25
-43 -68 -50 39 -32
-91 1 52 -33 -80
-21 -63 -68 -91 18
73 -74 14 45 8
-94 -59 -73 11 -96
-75 59 -31 -64 60
52 91 -53 68 -59
29 -99 -50 73 9
65 16 -95 -55 -36
10 46 1 22 -47
45 -86 -98 48 -15
39 56 -30 77 -16
-75 16 -24 59 8
42 -39 31 70 33
-80 77 -18 -74 -66
20 -93 -20 -79 90
88 49 -33 8 -18
3 3 -1 -1 1
0 3 0 -1 1
10 2 -1 0 3
3 3 1 1 1
3 3 -1 0 1
10 10 -1 1 5
3 0 -1 0 1
5 4 3 2 1
0 3 0 1 1
3 0 1 0 1
