21
49
8.402 9.117
1.976 3.353
7.683 9.523
9.162 9.99
2.183 5.13
8.392 9.728
2.926 7.714
5.268 7.7
4.003 8.916
2.834 3.525
8.078 9.191
0.698 9.494
5.26 6.633
8.903 9.707
9.023 9.319
9.309 9.565
5.887 6.574
8.587 9.24
3.985 8.148
6.843 9.11
4.825 9.503
9.202 9.848
9.351 9.502
0.526 5.216
1.763 2.401
7.978 9.675
6.395 7.598
0.935 1.35
5.203 8.197
5.734 7.556
0.52 1.579
10 10
2.302 6.081
5.686 8.598
5.666 6.081
9.227 9.992
4.571 7.206
3.73 5.925
1.319 2.83
6.695 8.595
3.385 6.835
4.676 9.07
0.728 3.273
4.735 5.332
9.353 9.549
0.595 5.005
2.284 3.019
1.349 5.243
7.817 9.352
50
8.402 9.117
1.976 3.353
7.683 9.523
9.162 9.99
2.183 5.13
8.392 9.728
2.926 7.714
5.268 7.7
4.003 8.916
2.834 3.525
8.078 9.191
0.698 9.494
5.26 6.633
8.903 9.707
9.023 9.319
9.309 9.565
5.887 6.574
8.587 9.24
3.985 8.148
6.843 9.11
4.825 9.503
9.202 9.848
9.351 9.502
0.526 5.216
1.763 2.401
7.978 9.675
6.395 7.598
0.935 1.35
5.203 8.197
5.734 7.556
0.52 1.579
10 10
2.302 6.081
5.686 8.598
5.666 6.081
9.227 9.992
4.571 7.206
3.73 5.925
1.319 2.83
6.695 8.595
3.385 6.835
4.676 9.07
0.728 3.273
4.735 5.332
9.353 9.549
0.595 5.005
2.284 3.019
1.349 5.243
7.817 9.352
7.871 8.69
51
8.402 9.117
1.976 3.353
7.683 9.523
9.162 9.99
2.183 5.13
8.392 9.728
2.926 7.714
5.268 7.7
4.003 8.916
2.834 3.525
8.078 9.191
0.698 9.494
5.26 6.633
8.903 9.707
9.023 9.319
9.309 9.565
5.887 6.574
8.587 9.24
3.985 8.148
6.843 9.11
4.825 9.503
9.202 9.848
9.351 9.502
0.526 5.216
1.763 2.401
7.978 9.675
6.395 7.598
0.935 1.35
5.203 8.197
5.734 7.556
0.52 1.579
10 10
2.302 6.081
5.686 8.598
5.666 6.081
9.227 9.992
4.571 7.206
3.73 5.925
1.319 2.83
6.695 8.595
3.385 6.835
4.676 9.07
0.428 3.273
0.427 4.273
4.735 5.332
9.353 9.549
0.595 5.005
2.284 3.019
1.349 5.243
7.817 9.352
7.871 8.69
51
1 2
1 2
1 2
1 2
1 2
1 2
1 2
1 2
1 2
1 2
1 2
1 2
1 2
1 2
1 2
1 2
1 2
1 2
1 2
1 2
1 2
1 2
1 2
1 2
1 2
1 2
1 2
1 2
1 2
1 2
1 2
1 2
1 2
1 2
1 2
1 2
1 2
1 2
1 2
1 2
1 2
1 2
1 2
1 2
1 2
3 4
3 4
3 4
3 4
3 4
3 4
100
3 4
3 4
3 4
3 4
3 4
3 4
3 4
3 4
3 4
3 4
3 4
3 4
3 4
3 4
3 4
3 4
3 4
3 4
3 4
3 4
3 4
3 4
3 4
3 4
3 4
3 4
3 4
3 4
3 4
3 4
3 4
3 4
3 4
3 4
3 4
3 4
3 4
3 4
3 4
3 4
3 4
3 4
3 4
3 4
3 4
3 4
3 4
3 4
3 4
3 4
3 4
3 4
3 4
3 4
3 4
3 4
3 4
3 4
3 4
3 4
3 4
3 4
3 4
3 4
3 4
3 4
3 4
3 4
3 4
3 4
3 4
3 4
3 4
3 4
3 4
3 4
3 4
3 4
3 4
3 4
3 4
3 4
3 4
3 4
3 4
3 4
3 4
3 4
3 4
3 4
3 4
3 4
3 4
3 4
3 4
3 4
3 4
3 4
3 4
5 6
99
3 4
3 4
3 4
3 4
3 4
3 4
3 4
3 4
3 4
3 4
3 4
3 4
3 4
3 4
3 4
3 4
3 4
3 4
3 4
3 4
3 4
3 4
3 4
3 4
3 4
3 4
3 4
3 4
3 4
3 4
3 4
3 4
3 4
3 4
3 4
3 4
3 4
3 4
3 4
3 4
3 4
3 4
3 4
3 4
3 4
3 4
3 4
3 4
3 4
3 4
3 4
3 4
3 4
3 4
3 4
3 4
3 4
3 4
3 4
3 4
3 4
3 4
3 4
3 4
3 4
3 4
3 4
3 4
3 4
3 4
3 4
3 4
3 4
3 4
3 4
3 4
3 4
3 4
3 4
3 4
3 4
3 4
3 4
3 4
3 4
3 4
3 4
3 4
3 4
3 4
3 4
3 4
3 4
3 4
3 4
3 4
2 7
2 4
5 6
100
3 4
3 4
3 4
3 4
3 4
3 4
3 4
3 4
3 4
3 4
3 4
3 4
3 4
3 4
3 4
3 4
3 4
3 4
3 4
3 4
3 4
3 4
3 4
3 4
3 4
3 4
3 4
3 4
3 4
3 4
3 4
3 4
3 4
3 4
3 4
3 4
3 4
3 4
3 4
3 4
3 4
3 4
3 4
3 4
3 4
3 4
3 4
3 4
3 4
3 4
3 4
3 4
3 4
3 4
3 4
3 4
3 4
3 4
3 4
3 4
3 4
3 4
3 4
3 4
3 4
3 4
3 4
3 4
3 4
3 4
3 4
3 4
3 4
3 4
3 4
3 4
3 4
3 4
3 4
3 4
3 4
3 4
3 4
3 4
3 4
3 4
3 4
3 4
3 4
3 4
3 4
3 4
3 4
3 4
3 4
3 4
4 6
3 4
3 5
1 2
99
3 4
3 4
3 4
3 4
3 4
3 4
3 4
3 4
3 4
3 4
3 4
3 4
3 4
3 4
3 4
3 4
3 4
3 4
3 4
3 4
3 4
3 4
3 4
3 4
3 4
3 4
3 4
3 4
3 4
3 4
3 4
3 4
3 4
3 4
3 4
3 4
3 4
3 4
3 4
3 4
3 4
3 4
3 4
3 4
3 4
3 4
3 4
3 4
3 4
3 4
3 4
3 4
3 4
3 4
3 4
3 4
3 4
3 4
3 4
3 4
3 4
3 4
3 4
3 4
3 4
3 4
3 4
3 4
3 4
3 4
3 4
3 4
3 4
3 4
3 4
3 4
3 4
3 4
3 4
3 4
3 4
3 4
3 4
3 4
3 4
3 4
3 4
3 4
3 4
3 4
3 4
3 4
3 4
3 4
3 4
4 6
3 4
3 5
1 2
1
0 10
60
0 0
0 0
0 0
0 0
0 0
0 0
0 0
0 0
0 0
0 0
0 0
0 0
0 0
0 0
0 0
0 0
0 0
0 0
0 0
0 0
0 0
0 0
0 0
0 0
0 0
0 0
0 0
0 0
0 0
0 0
0 0
0 0
0 0
0 0
0 0
0 0
0 0
0 0
0 0
0 0
0 0
0 0
0 0
0 0
0 0
0 0
0 0
0 0
0 0
0 0
0 0
0 0
0 0
0 0
0 0
0 0
8 8
9 9
10 10
0 0
50
8.402 9.117
1.976 3.353
7.683 9.523
9.162 9.99
2.183 5.13
8.392 9.728
2.926 7.714
5.268 7.7
4.003 8.916
2.834 3.525
8.078 9.191
0.698 9.494
5.26 6.633
8.903 9.707
9.023 9.319
9.309 9.565
5.887 6.574
8.587 9.24
3.985 8.148
6.843 9.11
4.825 9.503
9.202 9.848
9.351 9.502
0.526 5.216
1.763 2.401
7.978 9.675
6.395 7.598
0.935 1.35
5.203 8.197
5.734 7.556
0.52 1.579
10 10
2.302 6.081
5.686 8.598
5.666 6.081
9.227 9.992
4.571 7.206
3.73 5.925
1.319 2.83
6.695 8.595
3.385 6.835
4.676 9.07
0.728 3.273
4.735 5.332
9.353 9.549
0.595 5.005
2.284 3.019
1.349 5.243
7.817 9.352
0 0
51
8.402 9.117
1.976 3.353
7.683 9.523
9.162 9.99
2.183 5.13
8.392 9.728
2.926 7.714
5.268 7.7
4.003 8.916
2.834 3.525
8.078 9.191
0.698 9.494
5.26 6.633
8.903 9.707
9.023 9.319
9.309 9.565
5.887 6.574
8.587 9.24
3.985 8.148
6.843 9.11
4.825 9.503
9.202 9.848
9.351 9.502
0.526 5.216
1.763 2.401
7.978 9.675
6.395 7.598
0.935 1.35
5.203 8.197
5.734 7.556
0.52 1.579
0 0.001
10 10
2.302 6.081
5.686 8.598
5.666 6.081
9.227 9.992
4.571 7.206
3.73 5.925
1.319 2.83
6.695 8.595
3.385 6.835
4.676 9.07
0.728 3.273
4.735 5.332
9.353 9.549
0.595 5.005
2.284 3.019
1.349 5.243
7.817 9.352
9 9
51
8.402 9.117
1.976 3.353
7.683 9.523
9.162 9.99
2.183 5.13
8.392 9.728
2.926 7.714
5.268 7.7
4.003 8.916
2.834 3.525
8.078 9.191
0.698 9.494
5.26 6.633
8.903 9.707
9.023 9.319
9.309 9.565
5.887 6.574
8.587 9.24
3.985 8.148
6.843 9.11
4.825 9.503
9.202 9.848
9.351 9.502
0.526 5.216
1.763 2.401
7.978 9.675
6.395 7.598
0.935 1.35
5.203 8.197
5.734 7.556
0.52 1.579
0 0.001
10 10
2.302 6.081
5.686 8.598
5.666 6.081
9.227 9.992
4.571 7.206
3.73 5.925
1.319 2.83
6.695 8.595
3.385 6.835
4.676 9.07
0.728 3.273
4.735 5.332
9.353 9.549
0.595 5.005
2.284 3.019
1.349 5.243
7.817 9.352
0 0.002
51
8.402 9.117
1.976 3.353
7.683 9.523
9.162 9.99
2.183 5.13
8.392 9.728
2.926 7.714
5.268 7.7
4.003 8.916
2.834 3.525
8.078 9.191
0.698 9.494
5.26 6.633
8.903 9.707
9.023 9.319
9.309 9.565
5.887 6.574
8.587 9.24
3.985 8.148
6.843 9.11
4.825 9.503
9.202 9.848
9.351 9.502
0.526 5.216
1.763 2.401
7.978 9.675
6.395 7.598
0.935 1.35
5.203 8.197
5.734 7.556
0.52 1.579
0 0.003
10 10
2.302 6.081
5.686 8.598
5.666 6.081
9.227 9.992
4.571 7.206
3.73 5.925
1.319 2.83
6.695 8.595
3.385 6.835
4.676 9.07
0.728 3.273
4.735 5.332
9.353 9.549
0.595 5.005
2.284 3.019
1.349 5.243
7.817 9.352
0.001 0.004
100
7.605 9.848
9.351 9.502
0.526 5.216
1.763 2.401
7.978 9.675
6.395 7.598
0.935 1.35
5.203 8.197
5.734 7.556
0.52 1.579
10 10
2.302 6.081
5.686 8.598
5.666 6.081
9.227 9.992
4.571 7.206
3.73 5.925
1.319 2.83
6.695 8.595
3.385 6.835
4.676 9.07
0.428 3.273
4.735 5.332
9.353 9.549
0.595 5.005
2.284 3.019
1.349 5.243
7.817 9.352
7.871 8.69
9.614 9.973
6.052 8.308
5.878 8.593
8.86 9.003
9.192 9.257
2.927 8.088
9.724 9.816
1.834 7.562
6.535 9.13
1.197 4.76
5.018 9.973
5.23 9.602
5.436 5.497
5.611 6.569
4.734 5.304
7.571 9.201
7.771 7.838
9.438 9.892
7.158 9.775
6.457 8.773
1.873 9.947
3.293 5.842
0.809 3.496
3.08 4.541
4.992 8.155
7.709 8.45
4.76 5.655
6.586 7.314
1.805 8.829
2.038 5.986
8.916 9.26
0.563 7.563
2.552 6.404
8.372 9.484
2.912 7.638
0.621 3.553
1.251 2.844
2.002 6.011
8.499 8.588
3.325 9.118
2.153 2.341
9.539 9.947
8.314 9.123
1.664 4.619
9.425 9.454
8.337 8.785
5.329 8.351
3.789 7.228
1.318 3.119
8.646 8.837
1.967 4.392
4.696 8.785
1.628 8.886
3.802 6.281
7.941 8.294
1.504 5.763
7.078 8.536
0.772 5.184
2.325 8
6.501 6.646
1.295 3.768
7.146 8.444
5.937 8.523
3.942 6.393
6.463 7.251
4.686 7.967
3.014 4.8
1.549 2.535
9.983 9.992
4.241 7.782
5.531 7.791
99
10 10
10 10
10 10
10 10
10 10
10 10
10 10
10 10
10 10
10 10
10 10
10 10
10 10
10 10
10 10
10 10
10 10
10 10
10 10
10 10
10 10
10 10
10 10
10 10
10 10
10 10
10 10
10 10
10 10
10 10
10 10
10 10
10 10
10 10
10 10
10 10
10 10
10 10
10 10
10 10
10 10
10 10
10 10
10 10
10 10
10 10
10 10
10 10
10 10
10 10
10 10
10 10
10 10
10 10
10 10
10 10
10 10
10 10
10 10
10 10
10 10
10 10
10 10
10 10
10 10
10 10
10 10
10 10
10 10
10 10
10 10
10 10
10 10
10 10
10 10
10 10
10 10
10 10
10 10
10 10
10 10
10 10
10 10
10 10
10 10
10 10
10 10
10 10
10 10
10 10
10 10
10 10
10 10
10 10
10 10
10 10
10 10
10 10
10 10
100
10 10
10 10
10 10
10 10
10 10
10 10
10 10
10 10
10 10
10 10
10 10
10 10
10 10
10 10
10 10
10 10
10 10
10 10
10 10
10 10
10 10
10 10
10 10
10 10
10 10
10 10
10 10
10 10
10 10
10 10
10 10
10 10
10 10
10 10
10 10
10 10
10 10
10 10
10 10
10 10
10 10
10 10
10 10
10 10
10 10
10 10
10 10
10 10
10 10
10 10
10 10
10 10
10 10
10 10
10 10
10 10
10 10
10 10
10 10
10 10
10 10
10 10
10 10
10 10
10 10
10 10
10 10
10 10
10 10
10 10
10 10
10 10
10 10
10 10
10 10
10 10
10 10
10 10
10 10
10 10
10 10
10 10
10 10
10 10
10 10
10 10
10 10
10 10
10 10
10 10
10 10
10 10
10 10
10 10
10 10
10 10
10 10
10 10
10 10
10 10
100
0 9.848
0 9.502
0 5.216
0 2.401
0 9.675
0 7.598
0 1.35
0 8.197
0 7.556
0 1.579
0 10
0 6.081
0 8.598
0 6.081
0 9.992
0 7.206
0 5.925
0 2.83
0 8.595
0 6.835
0 9.07
0 3.273
0 5.332
0 9.549
0 5.005
0 3.019
0 5.243
0 9.352
0 8.69
0 9.973
0 8.308
0 8.593
0 9.003
0 9.257
0 8.088
0 9.816
0 7.562
0 9.13
0 4.76
0 9.973
0 9.602
0 5.497
0 6.569
0 5.304
0 9.201
0 7.838
0 9.892
0 9.775
0 8.773
0 9.947
0 5.842
0 3.496
0 4.541
0 8.155
0 8.45
0 5.655
0 7.314
0 8.829
0 5.986
0 9.26
0 7.563
0 6.404
0 9.484
0 7.638
0 3.553
0 2.844
0 6.011
0 8.588
0 9.118
0 2.341
0 9.947
0 9.123
0 4.619
0 9.454
0 8.785
0 8.351
0 7.228
0 3.119
0 8.837
0 4.392
0 8.785
0 8.886
0 6.281
0 8.294
0 5.763
0 8.536
0 5.184
0 8
0 6.646
0 3.768
0 8.444
0 8.523
0 6.393
0 7.251
0 7.967
0 4.8
0 2.535
0 9.992
0 7.782
0 7.791
100
0 9.848
0 9.502
0 5.216
0 2.401
0 9.675
0 7.598
0 1.35
0 8.197
0 7.556
0 1.579
0 10
0 6.081
0 8.598
0 6.081
0 9.992
0 7.206
0 5.925
0 2.83
0 8.595
0 6.835
0 9.07
0 3.273
0 5.332
0 9.549
0 5.005
0 3.019
0 5.243
0 9.352
0 8.69
0 9.973
0 8.308
0 8.593
0 9.003
0 9.257
0 8.088
0 9.816
0 7.562
0 9.13
0 4.76
0 9.973
0 9.602
0 5.497
0 6.569
0 5.304
0 9.201
0 7.838
0 9.892
0 9.775
0 8.773
0 9.947
0 5.842
0 3.496
0 4.541
0 8.155
0 8.45
0 5.655
0 7.314
0 8.829
0 5.986
0 9.26
0 7.563
0 6.404
0 9.484
0 7.638
0 3.553
0 2.844
0 6.011
0 8.588
0 9.118
0 2.341
0 9.947
0 9.123
0 4.619
0 9.454
0 8.785
0 8.351
0 7.228
0 3.119
0 8.837
0 4.392
0 8.785
0 8.886
0 6.281
0 8.294
0 5.763
0 8.536
0 5.184
0 8
0 6.646
0 3.768
0 8.444
0 8.523
0 6.393
0 7.251
0 7.967
1 4.8
0 2.535
0 9.992
0 7.782
0 7.791
500
9.8 9.9
0.1 8.3
3.4 4.4
9.6 9.9
3.4 9
1.4 4.2
0.1 7.9
7.8 8.7
7.3 9.9
7.1 8.7
1 1
3.9 6.6
8.1 8.9
4.8 6.1
5.3 6.2
6 8.3
0.8 1
9.3 9.4
2.4 9.3
5.6 9.4
5 5.6
9.4 10
9.4 10
0.6 0.8
6.5 9.3
7.4 8.6
9.6 9.7
1.9 4.6
7.9 9.1
2.6 7.7
9.7 9.7
1.6 3
8.9 9
7.5 9.5
1.3 8.7
6.3 7.2
9.3 9.5
0.2 1.7
1.2 4.7
6.5 9.2
1.1 6.2
0.8 4
5 9.2
5.7 8.2
7.6 10
0.4 5.3
2.1 6.7
7 8.9
6.5 7.7
8.1 9.1
3.2 7.6
3 8.1
1.9 6
0.6 1.1
1.6 2.5
1.4 5.9
0.6 8.9
9.5 9.6
7.4 8.3
5.1 9.3
0.5 0.9
2.5 7.2
6.2 9.7
8.7 9.3
1 7.9
9.5 9.9
8.5 8.9
5.9 6.7
5.3 9.5
7.7 7.9
7.9 9.2
8.7 9.3
1.1 3.9
6 6.4
7.1 8.3
5.8 9.3
2.3 7.9
3.8 3.9
1 8.1
3.9 7.5
9.4 9.5
2.3 5.1
7.8 9.4
1.5 3
5.7 6.5
8.8 8.9
1.8 1.8
3.6 4.5
3.8 6.5
1.1 3.3
8.7 9.1
4.4 8.9
6.8 7.5
4.9 4.9
2 8.6
1.4 3
1.9 9.1
2.9 8.1
6.6 6.9
1.8 9.6
7.8 8.7
2.1 10
5.4 6.7
4.7 8.3
9 9.9
5.3 8.6
6.9 7.9
3.9 4.3
1.1 6.1
9.7 9.8
9.6 9.7
4.8 9.4
9.2 9.3
9.3 9.7
5.1 6.3
2.7 7.5
0.4 7.3
3.6 8.8
2.9 5.6
6.8 9.6
6.3 6.4
4.4 10
3.7 9.3
1 2.7
8.1 8.9
0.2 8.9
1.8 6.4
1.5 9.3
6.8 8.8
2.8 5.5
1.6 8.3
2.3 4.6
8.7 9.1
3.9 9.6
1.8 1.9
2.5 3.7
9.2 9.5
8.9 9.8
6.6 9.9
8 8.7
5.4 5.9
1 9.6
3.3 5.8
0.5 7.9
5.2 9.3
4.3 7.9
1.4 7.1
2.4 6
0.1 8.2
4.8 5.3
8 9.3
5.6 7.3
6.2 6.8
9.4 9.4
9.9 9.9
2.5 5.9
0.7 0.9
1.5 7.7
9.9 9.9
5.4 7.2
5.8 7.5
4.5 6.5
0.4 8.1
3.9 5.7
0.6 7.8
8 9.5
8.8 9.4
0.9 4.3
5.2 9.5
0.9 3
7.5 8.7
8.1 9.3
9.8 10
0.6 4.4
3.3 9.8
5.2 6.2
7.3 10
4.8 5.3
5.1 5.6
6.3 8
0.6 7.7
3.3 8.3
3.6 4.9
1.5 3.3
10 10
2.3 5.8
5 7.1
5.5 6.3
7.6 9.7
2.7 2.7
7.3 9.5
8 8
4.5 7.9
6.8 9.1
2.8 6.1
8.2 9.8
6.8 9.5
9.5 9.6
2.6 7
7.6 8.5
2.3 8.2
7.9 8.4
4.7 9.5
4.7 8.4
5.8 7.7
1.3 4.9
0.9 2.2
0.4 2.7
3.3 7.4
0.3 9.4
9.1 9.7
5.8 6.8
9.3 9.9
1.9 8.7
9.6 9.6
3.4 4.4
8.9 9.4
6.5 8.3
9.2 9.2
7 8.3
8.6 9.9
3 9.1
2.6 6.8
8.3 9.4
2.4 9
9.8 9.8
4.6 7.5
8.5 9
6.4 10
7.5 9.9
0.5 2.7
2.4 4.3
9.1 9.4
1 6.5
9.3 10
9.1 9.3
8.5 9.7
8.9 8.9
7.4 7.5
7.3 7.4
6.6 10
8 8.5
8.3 9
1.2 3
5.8 8.5
0.1 6.9
1.9 5.6
4.1 4.1
7.4 9.1
8.5 8.7
4 5.4
6 8.2
1.3 6.5
9.2 9.2
1.3 6.9
2 3.3
9.5 9.6
7.2 9.5
0.1 0.7
5 5.5
9.2 9.4
2.7 4.1
0.8 1.2
1.7 7.8
5.2 6.8
1.6 4.6
9.9 10
2.4 5.7
1.7 4.3
9.8 10
0.8 1.2
9.6 9.7
1.3 4.1
8.5 9.9
5.3 7.4
1.9 2.1
9.7 9.9
5.8 7.2
8.2 8.2
7.5 8.1
1.4 7.6
6.6 6.7
1.1 7.5
7.2 9.9
2 5.8
5.6 6.1
0.1 0.5
4.3 5.3
5.6 9.9
3.5 3.7
9.3 9.3
5 6.8
5.8 7.9
3.2 8.9
4.5 6.6
3.3 7.5
7.8 9.3
7.3 9.7
5 5.3
8.2 9.1
5.2 6.4
5.2 5.6
0.2 8.1
1.3 1.8
5.9 7.8
8.8 9.1
0.7 5
4.4 8.9
4 9.5
0.4 6
5.9 7.3
1.4 5.6
5.3 7.4
1.2 7.2
8 8.2
1.9 9.2
6.9 7.2
8.9 9.8
3.2 8
1.7 9.9
10 10
4.9 8.4
2.2 5.1
9 9.3
6.1 7.9
0.9 6
3.5 7.9
3.5 7.8
8.5 9.4
5.8 7.9
6.4 8.6
8.6 9.6
9.8 10
3.4 3.8
4.8 6.6
5.3 6.6
5.1 5.5
9.1 9.1
5.1 9.8
8.1 9.4
1.3 5.4
1.8 2.9
6.9 7.4
2.9 7
5.1 5.8
4.6 4.8
2.4 6.7
9 9.6
5.5 6.7
3.7 9.4
1.8 9.5
4 4.3
4.3 6.3
0.9 3.2
3 6.6
7.2 9.5
0.4 4.7
2.5 5.6
6.7 9.8
9.1 9.7
0.4 9.6
9.1 9.3
7.3 8.2
4.2 9.8
4.8 9.3
8.6 9
5.6 7
8.5 9
7.5 7.6
5.4 6.9
2.6 7.1
9.1 9.6
0.9 7.5
5.4 7.5
6.4 8.6
3 10
1.2 10
9.1 9.8
8.1 9.3
4.7 8.4
2.8 9.8
9.4 9.8
1.3 1.4
8.7 9
2.2 8.9
2.9 7.5
6.9 9.6
8 10
1.1 9.5
0.4 1.5
6.7 8
8.8 9.9
3.1 5.6
8.9 9.5
10 10
4.9 6.3
1.6 8.4
5.3 9.7
2.4 3.9
4.1 7.5
5.8 6
1.7 7
5.6 7.8
4.1 8.6
5.3 8.3
9.7 10
9.9 10
5.3 7.6
4.1 4.8
4.7 8.8
7 9.4
1.9 2.4
1.6 4.3
6 8.9
1.1 4.8
2.8 9.8
3 9.6
10 10
8.4 9.7
2.3 7.3
6.9 7
7.4 8.8
0.6 2.1
5.8 6.6
3.6 9
2.3 3.3
6.4 7.5
9.5 9.7
7.5 9.5
6 8
9.1 10
7.3 9.9
2.1 7.9
7.9 8.2
2.6 9.9
5.4 6.4
1.5 9.9
5.8 7.4
3.2 5.8
5.4 9
7.3 7.8
5.8 8.2
5.5 5.7
5.5 6.2
0.6 6.3
0.4 2.3
4.1 8.3
4 9.3
6.5 6.5
9.2 9.2
8.7 9.8
5.6 8.4
3.4 9.1
2.8 6.7
6.1 6.2
7.2 9.9
7.4 10
1.3 6.7
5.4 5.9
7.8 8.4
7.5 8.6
3.1 7.6
4.8 8.3
0.2 6.1
9.4 9.7
9.3 9.4
6.8 7.2
3.1 8.2
9.2 9.8
9.7 9.8
7.9 9.2
9.1 9.6
5.5 7.6
0.9 3.2
8.5 8.6
3.2 6.6
5.8 6.3
4.7 5
7.5 9.4
1.8 6
9 9.1
6.4 8.9
9.3 10
0.7 5.3
9 10
4.2 7.7
1.4 5.1
2.8 5.1
1 4.3
1 9.5
9.9 9.9
9.5 9.8
5.7 6.7
0.2 1
0.3 0.5
5 9.5
6 7
7.1 8.6
7.7 8.7
4.3 8.6
500
9.715 9.715
0.036 0.036
3.315 3.315
9.587 9.587
3.383 3.383
1.361 1.361
0.055 0.055
7.744 7.744
7.211 7.211
7.08 7.08
0.94 0.94
3.829 3.829
8.091 8.091
4.766 4.766
5.258 5.258
5.962 5.962
0.701 0.701
9.238 9.238
2.332 2.332
5.515 5.515
4.945 4.945
9.392 9.392
9.359 9.359
0.588 0.588
6.408 6.408
7.38 7.38
9.527 9.527
1.838 1.838
7.803 7.803
2.576 2.576
9.636 9.636
1.554 1.554
8.823 8.823
7.477 7.477
1.224 1.224
6.232 6.232
9.246 9.246
0.139 0.139
1.2 1.2
6.486 6.486
1.009 1.009
0.706 0.706
4.965 4.965
5.662 5.662
7.534 7.534
0.357 0.357
2.01 2.01
6.998 6.998
6.468 6.468
8.034 8.034
3.13 3.13
2.98 2.98
1.891 1.891
0.535 0.535
1.573 1.573
1.362 1.362
0.581 0.581
9.456 9.456
7.368 7.368
5.075 5.075
0.434 0.434
2.449 2.449
6.113 6.113
8.675 8.675
0.965 0.965
9.465 9.465
8.453 8.453
5.825 5.825
5.289 5.289
7.683 7.683
7.86 7.86
8.672 8.672
1.096 1.096
5.962 5.962
7.004 7.004
5.777 5.777
2.218 2.218
3.743 3.743
0.975 0.975
3.874 3.874
9.342 9.342
2.22 2.22
7.785 7.785
1.422 1.422
5.611 5.611
8.735 8.735
1.728 1.728
3.598 3.598
3.788 3.788
1.007 1.007
8.695 8.695
4.322 4.322
6.749 6.749
4.802 4.802
1.925 1.925
1.334 1.334
1.846 1.846
2.888 2.888
6.505 6.505
1.755 1.755
7.751 7.751
2.073 2.073
5.362 5.362
4.659 4.659
8.924 8.924
5.213 5.213
6.831 6.831
3.863 3.863
1.034 1.034
9.677 9.677
9.588 9.588
4.752 4.752
9.169 9.169
9.287 9.287
5.088 5.088
2.619 2.619
0.365 0.365
3.506 3.506
2.852 2.852
6.753 6.753
6.241 6.241
4.329 4.329
3.638 3.638
0.993 0.993
8.011 8.011
0.117 0.117
1.768 1.768
1.483 1.483
6.757 6.757
2.759 2.759
1.553 1.553
2.23 2.23
8.608 8.608
3.867 3.867
1.742 1.742
2.472 2.472
9.174 9.174
8.808 8.808
6.538 6.538
7.988 7.988
5.338 5.338
0.997 0.997
3.238 3.238
0.434 0.434
5.178 5.178
4.273 4.273
1.389 1.389
2.326 2.326
0.079 0.079
4.731 4.731
7.91 7.91
5.57 5.57
6.159 6.159
9.397 9.397
5.573 5.573
9.07 9.07
2.465 2.465
0.605 0.605
1.423 1.423
9.896 9.896
5.333 5.333
5.798 5.798
4.453 4.453
0.304 0.304
3.875 3.875
0.555 0.555
7.924 7.924
8.731 8.731
0.895 0.895
5.13 5.13
0.866 0.866
7.493 7.493
8.047 8.047
9.745 9.745
0.592 0.592
3.211 3.211
5.191 5.191
7.224 7.224
4.739 4.739
5.015 5.015
6.238 6.238
0.543 0.543
3.261 3.261
3.562 3.562
1.429 1.429
9.993 9.993
9.831 9.831
5.281 5.281
4.014 4.014
4.612 4.612
6.993 6.993
1.854 1.854
1.544 1.544
5.949 5.949
1.078 1.078
2.762 2.762
2.998 2.998
9.946 9.946
1.287 1.287
5.349 5.349
7.744 7.744
7.455 7.455
3.071 3.071
4.78 4.78
0.12 0.12
9.316 9.316
9.219 9.219
6.783 6.783
3.098 3.098
9.127 9.127
9.615 9.615
7.871 7.871
9.016 9.016
5.488 5.488
0.819 0.819
8.434 8.434
3.169 3.169
5.779 5.779
4.695 4.695
7.422 7.422
1.731 1.731
8.908 8.908
6.346 6.346
9.241 9.241
0.609 0.609
8.902 8.902
4.166 4.166
1.317 1.317
2.745 2.745
0.978 0.978
0.972 0.972
9.873 9.873
3.43 3.43
5.897 5.897
3.272 3.272
4.721 4.721
6.702 6.702
9.856 9.856
2.645 2.645
7.763 7.763
4.587 4.587
7.696 7.696
1.486 1.486
4.167 4.167
8.862 8.862
7.482 7.482
5.481 5.481
4.058 4.058
6.237 6.237
5.366 5.366
7.34 7.34
8.405 8.405
7.444 7.444
8.551 8.551
7.412 7.412
8.988 8.988
5.524 5.524
4.691 4.691
1.849 1.849
7.993 7.993
9.422 9.422
4.728 4.728
1.089 1.089
5.674 5.674
2.145 2.145
8.116 8.116
5.121 5.121
0.915 0.915
5.642 5.642
7.031 7.031
5.343 5.343
1.401 1.401
3.456 3.456
8.07 8.07
9.919 9.919
9.773 9.773
3.428 3.428
4.685 4.685
1.636 1.636
1.155 1.155
1.627 1.627
0.525 0.525
7.902 7.902
1.738 1.738
1.13 1.13
4.379 4.379
3.854 3.854
3.676 3.676
3.548 3.548
7.684 7.684
9.311 9.311
2.826 2.826
7.577 7.577
2.901 2.901
8.205 8.205
5.199 5.199
5.602 5.602
4.581 4.581
6.237 6.237
4.969 4.969
4.032 4.032
1.673 1.673
5.171 5.171
8.071 8.071
7.714 7.714
3.602 3.602
7.516 7.516
9.097 9.097
2.168 2.168
6.024 6.024
1.784 1.784
3.373 3.373
8.429 8.429
7.893 7.893
3.345 3.345
4.205 4.205
9.874 9.874
7.362 7.362
4.265 4.265
9.912 9.912
3.953 3.953
7.677 7.677
2.425 2.425
5.543 5.543
3.938 3.938
2.28 2.28
0.024 0.024
2.646 2.646
1.386 1.386
5.914 5.914
4.352 4.352
5.154 5.154
9.403 9.403
3.827 3.827
8.55 8.55
4.562 4.562
2.17 2.17
2.374 2.374
5.019 5.019
1.182 1.182
0.962 0.962
6.874 6.874
3.938 3.938
2.179 2.179
0.163 0.163
4.054 4.054
8.537 8.537
7.948 7.948
3.937 3.937
1.904 1.904
9.947 9.947
5.584 5.584
5.785 5.785
8.467 8.467
0.536 0.536
4.497 4.497
8.482 8.482
1.391 1.391
7.426 7.426
3.645 3.645
7.802 7.802
2.743 2.743
8.621 8.621
5.874 5.874
0.144 0.144
9.047 9.047
4.891 4.891
5.804 5.804
6.471 6.471
8.314 8.314
5.125 5.125
7.782 7.782
7.895 7.895
1.808 1.808
9.638 9.638
8.978 8.978
2.578 2.578
3.565 3.565
9.268 9.268
3.76 3.76
1.473 1.473
4.427 4.427
2.078 2.078
1.781 1.781
0.01 0.01
9.932 9.932
2.27 2.27
5.743 5.743
1.206 1.206
9.723 9.723
1.517 1.517
3.218 3.218
0.764 0.764
4.339 4.339
9.145 9.145
7.826 7.826
6.287 6.287
1.158 1.158
5.687 5.687
6.45 6.45
2.844 2.844
7.707 7.707
6.985 6.985
5.933 5.933
3.759 3.759
8.245 8.245
2.8 2.8
7.606 7.606
9.816 9.816
0.46 0.46
4.424 4.424
1.292 1.292
9.696 9.696
9.089 9.089
7.749 7.749
4.615 4.615
9.286 9.286
9.704 9.704
5.947 5.947
9.191 9.191
6.764 6.764
6.273 6.273
9.958 9.958
3.618 3.618
6.99 6.99
1.811 1.811
3.119 3.119
0.391 0.391
7.688 7.688
4.458 4.458
8.649 8.649
5.921 5.921
7.262 7.262
5.189 5.189
4.6 4.6
2.287 2.287
5.12 5.12
5.893 5.893
2.529 2.529
2.706 2.706
1.278 1.278
2.921 2.921
7.982 7.982
9.791 9.791
9.274 9.274
5.264 5.264
5.518 5.518
8.325 8.325
2.46 2.46
4.934 4.934
1.231 1.231
8.954 8.954
3.932 3.932
3.454 3.454
9.109 9.109
6.08 6.08
2.803 2.803
3.308 3.308
2.215 2.215
1.742 1.742
7.732 7.732
0.356 0.356
9.416 9.416
4.903 4.903
8.075 8.075
4.929 4.929
7.711 7.711
3.4 3.4
1.779 1.779
7.903 7.903
6.204 6.204
9.913 9.913
4.433 4.433
5.272 5.272
7.62 7.62
1.447 1.447
9.779 9.779
3.484 3.484
9.649 9.649
7.462 7.462
9.504 9.504
5.671 5.671
4.494 4.494
7.697 7.697
4.707 4.707
0.789 0.789
0.577 0.577
4.255 4.255
6.286 6.286
6.405 6.405
9.124 9.124
7.346 7.346
3.364 3.364
4.079 4.079
8.334 8.334
8.406 8.406
2.356 2.356
4.385 4.385
1.231 1.231
0.212 0.212
