<!-- 抢U盘 -->
<!-- Memory Limit: 32768KB, Time Limit: 1s -->

<p>参加本次C语言竞赛的同学大多想获得U盘，但是并不是做的题目越多越好，只有排在第51到100名之间（包括第51和第100名）才能获得U盘。</p>
<p>知己知彼，方能百战百胜。那么告诉你其他人的能力，你能算出来拿到U盘需要做多少题吗？</p>
<p>由于最后的半个小时内无法看到排名数据，所有无法准确知道所有人最终的比赛成绩，为了问题的简化，这里不考虑罚时，认为每个人做出的题数可以是小数（越大排名越靠前），并且服从一种均匀分布。</p>
<p><b>输入格式</b></p>
<p>第一行有一个不大于32的正整数 <i>T</i>，表示一共有 <i>T</i> 组测试数据。</p>
<p>对于每组测试数据，第一行是一个在1到500之间（包括1和500）的正整数 <i>N</i>，表示参加比赛的其他人（不包过你自己）的人数。</p>
<p>下面有 <i>N</i> 行，这其中的第 <i>i</i> 行有用一个空格分开的两个小数， <i>a<sub>i</sub></i> 和 <i>b<sub>i</sub></i>，表示第 <i>i</i> 名参赛者最后做出来的题数服从[<i>a<sub>i</sub></i>, <i>b<sub>i</sub></i>]上的均匀分布。</p>
<p><b>输出格式</b></p>
<p>对于每组测试数据，输出一行，为用空格隔开的两个小数 <i>p</i> 和 <i>q</i> ，表示你如果最后做的题数在 [<i>p</i>, <i>q</i>] 内，则一定可以拿到U盘。</p>
<p>如果无法找到100%可以拿到U盘的最终题数区间，则按照 <i>p</i> = <i>q</i> = -1.000 来输出。</p>
<p><b>注意事项</b></p>
<p>输入数据中的所有小数，最多精确到0.001。</p>
<p>输出的两个小数要严格精确到0.001（C语言中使用printf("%.3lf %.3lf\n", (double)p, (double)q)就可以达到要求）。</p>
<p>倘若精确到0.001的两名参赛选手的成绩相同，则认为是并列，对于并列：</p>
<p>如果有n位参赛选手（n大于1）并列在第k名（即，仅有k-1名选手的成绩比他们好），则不存在第k+1至k+n-1名，仅次于这一成绩的选手是第k+n名。</p>
<p>并列在第1至50名和第101名以及更靠后的名次的选手，无论人数多少，都拿不到U盘。并列在第51至100名的选手，无论人数多少，都可以拿到U盘。</p>
<p>所有人的最终做出题数一定在0.000至10.000之间，包括0.000和10.000。</p>

<p><b>样例输入</b></p>
<pre>2
100
3 4
3 4
3 4
3 4
3 4
3 4
3 4
3 4
3 4
3 4
3 4
3 4
3 4
3 4
3 4
3 4
3 4
3 4
3 4
3 4
3 4
3 4
3 4
3 4
3 4
3 4
3 4
3 4
3 4
3 4
3 4
3 4
3 4
3 4
3 4
3 4
3 4
3 4
3 4
3 4
3 4
3 4
3 4
3 4
3 4
3 4
3 4
3 4
3 4
3 4
3 4
3 4
3 4
3 4
3 4
3 4
3 4
3 4
3 4
3 4
3 4
3 4
3 4
3 4
3 4
3 4
3 4
3 4
3 4
3 4
3 4
3 4
3 4
3 4
3 4
3 4
3 4
3 4
3 4
3 4
3 4
3 4
3 4
3 4
3 4
3 4
3 4
3 4
3 4
3 4
3 4
3 4
3 4
3 4
3 4
5 6
5 6
5 6
5 6
5 6
100
3 4
3 4
3 4
3 4
3 4
3 4
3 4
3 4
3 4
3 4
3 4
3 4
3 4
3 4
3 4
3 4
3 4
3 4
3 4
3 4
3 4
3 4
3 4
3 4
3 4
3 4
3 4
3 4
3 4
3 4
3 4
3 4
3 4
3 4
3 4
3 4
3 4
3 4
3 4
3 4
3 4
3 4
3 4
3 4
3 4
3 4
3 4
3 4
3 4
3 4
3 4
3 4
3 4
3 4
3 4
3 4
3 4
3 4
3 4
3 4
3 4
3 4
3 4
3 4
3 4
3 4
3 4
3 4
3 4
3 4
3 4
3 4
3 4
3 4
3 4
3 4
3 4
3 4
3 4
3 4
3 4
3 4
3 4
3 4
3 4
3 4
3 4
3 4
3 4
3 4
3 4
3 4
3 4
3 4
1 2
1 2
1 2
1 2
1 2
1 2</pre>

<p><b>样例输出</b></p>
<pre>-1.000 -1.000
2.000 2.999</pre>

<p><b>提示</b></p>
<p>对于第一组测试数据，不考虑自己，并列第二名的太多，所以自己无论是什么成绩，只能是前两名或者是第101名，都不能拿到U盘。</p>
<p>对于第二组测试数据，自己的成绩在[2.000, 2.999]之间的时候，会处在第95名（有94人并列第一名），这样就可以取得U盘。</p>
