50
1 96
1 79
15
4 1 10 0 86
4 1 19 0 65
1 1 68 0 25
9 1 24 0 54
1 1 61 0 26
8 1 53 0 34
6 1 15 0 19
7 1 64 0 7
0 1 34 0 8
2 1 35 0 47
5 1 91 0 0
6 1 71 0 20
7 1 41 0 6
4 1 31 0 56
6 1 62 0 34
24 73
16 31
13
7 16 19 6 14
6 23 63 0 0
0 14 19 5 14
4 19 17 0 19
9 6 29 18 29
6 16 62 7 3
3 15 57 8 7
9 13 2 9 39
8 17 46 7 27
0 3 31 19 27
7 1 22 3 49
9 14 49 9 5
0 22 40 1 8
82 13
5 13
14
6 67 13 5 0
2 13 8 54 4
7 14 13 28 0
7 29 10 18 2
7 39 10 39 3
10 5 11 29 2
2 53 12 28 0
1 18 6 57 7
10 65 9 3 1
8 28 11 49 0
10 41 4 31 6
8 36 6 27 1
4 4 13 26 0
9 41 13 8 0
93 13
39 1
1
0 42 12 35 1
74 88
11 24
11
3 7 29 49 33
1 39 53 35 27
7 14 57 26 18
7 31 28 18 30
8 71 22 3 35
4 70 58 3 26
6 40 13 32 72
3 21 38 38 40
3 72 88 2 0
5 21 38 29 16
7 28 10 35 24
19 69
10 13
20
0 6 68 3 0
5 12 11 3 6
7 8 23 8 40
5 11 50 3 11
4 11 66 3 0
8 12 57 1 3
5 18 20 0 17
6 17 66 2 2
8 1 21 13 35
7 1 49 8 14
7 2 23 12 0
10 5 13 6 7
6 5 69 2 0
6 17 2 1 50
8 12 18 0 42
5 11 51 3 8
10 7 69 5 0
2 14 9 5 32
1 16 49 0 4
4 18 49 1 13
57 32
47 1
4
4 34 13 9 0
6 52 26 5 1
7 47 4 2 16
7 57 12 0 20
100 59
11 45
9
4 52 15 36 36
9 32 28 46 27
2 77 9 10 46
3 89 24 7 14
0 8 22 22 34
0 55 53 45 4
1 78 49 16 6
6 29 12 23 3
1 17 9 10 6
68 79
53 60
18
9 7 29 23 49
10 64 42 2 5
3 52 48 9 6
1 11 41 51 28
1 13 3 25 0
5 30 67 6 8
3 18 52 50 19
10 1 46 8 15
7 46 27 18 37
7 49 12 1 24
3 46 61 12 6
0 42 20 6 5
0 27 64 4 1
3 66 68 1 3
2 67 12 0 19
1 50 35 0 12
4 32 49 12 14
2 12 56 36 7
25 29
1 12
2
4 1 3 23 16
4 10 11 4 0
36 63
12 55
5
5 18 11 1 18
0 6 32 26 23
4 33 10 2 38
4 2 28 8 18
9 4 62 29 1
31 36
29 1
6
8 27 9 1 19
5 16 28 12 7
10 9 8 2 25
2 8 1 16 30
4 24 8 6 12
4 21 32 3 3
75 31
4 30
4
2 64 25 9 5
0 62 29 9 0
4 62 9 4 20
1 12 2 42 3
41 52
22 44
2
7 31 2 6 4
10 10 46 7 3
88 71
71 67
6
7 53 25 25 33
0 4 23 45 32
9 9 66 51 0
4 16 61 30 6
5 16 43 50 0
1 48 49 21 12
14 43
1 33
14
9 13 8 1 22
5 2 18 3 20
0 14 9 0 1
8 3 27 9 3
9 5 16 4 6
6 2 14 5 12
8 11 14 2 4
8 11 38 3 4
3 14 3 0 7
8 7 43 1 0
6 9 7 1 0
3 13 15 1 9
7 4 31 3 0
8 8 41 0 1
62 3
12 1
9
6 58 3 0 0
8 26 1 13 2
7 24 2 38 1
9 50 3 12 0
1 4 1 7 2
2 45 1 12 0
7 59 3 1 0
0 16 3 43 0
8 42 3 10 0
44 65
40 47
19
6 13 1 19 39
6 34 41 10 5
10 6 37 29 4
4 44 65 0 0
0 40 30 0 5
4 23 19 9 11
3 12 18 5 20
9 44 58 0 4
5 15 18 16 9
0 33 45 0 17
10 16 13 21 25
5 7 31 31 2
3 38 14 1 20
2 17 34 1 6
3 36 56 4 1
0 42 22 1 16
3 6 4 7 42
10 5 3 17 17
4 4 30 16 8
66 51
18 32
15
7 29 13 29 36
4 19 16 3 5
9 47 10 18 28
2 33 9 26 33
4 26 43 0 2
4 20 2 20 49
3 35 3 5 37
3 63 17 3 31
7 14 12 38 11
10 18 18 14 18
8 57 51 0 0
10 6 3 46 41
2 45 36 11 1
5 42 4 23 45
10 53 6 11 34
21 54
6 46
6
5 20 49 1 5
1 19 33 2 19
2 7 7 14 15
10 12 23 6 3
6 6 19 11 26
10 21 7 0 13
82 66
9 15
10
4 1 60 70 4
7 36 46 45 9
8 62 54 7 1
2 71 22 2 26
2 8 16 63 2
10 57 52 15 12
5 50 8 28 18
3 4 54 17 10
7 37 2 30 6
8 16 32 24 18
70 27
33 10
13
5 37 20 19 3
8 55 22 12 4
2 50 19 0 6
1 68 23 0 3
10 39 11 5 14
9 61 7 6 11
9 1 15 6 9
2 54 1 4 7
2 39 18 14 2
10 16 12 50 6
9 26 10 9 4
1 33 11 16 6
3 50 4 20 11
75 54
21 36
18
3 43 26 9 0
2 70 51 1 3
10 20 40 38 1
7 74 42 0 9
7 23 6 35 36
3 69 6 0 44
3 67 36 0 13
9 71 2 0 8
0 69 27 5 11
8 44 22 20 14
1 46 5 28 18
1 19 10 39 1
7 1 45 73 4
1 35 13 4 7
7 14 54 22 0
7 37 22 21 5
7 39 3 24 49
7 11 3 57 34
17 41
8 14
8
5 5 18 4 2
10 13 29 2 5
9 3 27 11 1
6 13 9 2 1
0 11 27 6 8
1 5 29 5 7
2 7 18 1 4
6 9 41 6 0
14 25
12 24
6
4 8 4 3 11
6 1 16 0 5
4 4 14 7 5
10 12 14 0 11
6 2 11 0 14
9 2 15 5 1
70 98
70 29
19
2 12 16 19 35
9 22 49 36 29
9 23 10 1 28
3 8 65 60 27
4 27 54 11 24
7 57 78 13 12
7 43 54 22 20
3 42 1 11 17
5 40 3 9 11
9 29 76 15 5
5 63 5 5 90
5 11 83 2 13
9 55 46 2 19
2 2 68 29 29
9 49 80 1 12
4 30 69 7 15
1 20 95 15 0
10 3 91 35 7
8 18 23 43 37
66 63
51 40
4
3 35 43 9 20
7 7 33 57 15
10 24 54 8 8
9 40 28 7 14
65 35
21 4
14
6 61 32 1 1
3 50 21 13 0
2 61 26 2 7
9 26 9 24 10
5 35 32 3 2
8 26 32 39 0
1 56 6 4 0
10 54 16 10 0
6 5 17 17 9
2 35 21 18 8
1 28 19 30 3
1 8 28 55 4
1 3 12 50 6
2 22 6 14 18
97 17
94 2
7
5 21 16 39 0
3 11 3 54 2
3 38 17 32 0
10 43 10 37 1
5 53 12 44 4
3 19 14 48 2
9 69 2 15 2
85 72
13 4
18
1 61 33 16 29
3 47 6 14 17
9 34 56 17 12
0 58 33 10 27
4 36 52 1 15
4 79 71 6 1
9 16 63 39 1
7 56 19 15 1
0 69 29 15 42
6 3 25 18 43
9 19 6 11 64
9 62 69 0 0
2 48 56 31 7
4 28 34 5 23
8 7 8 28 50
0 75 1 4 60
5 25 12 26 43
4 33 62 12 10
44 56
15 1
8
1 18 53 21 2
6 9 9 5 39
9 7 9 26 34
1 40 30 3 21
1 1 56 9 0
5 26 47 16 8
7 31 54 3 1
6 11 44 25 4
22 1
16 1
18
3 2 1 19 0
7 12 1 1 0
7 2 1 8 0
1 22 1 0 0
5 1 1 19 0
10 14 1 6 0
6 6 1 13 0
8 9 1 7 0
7 17 1 1 0
3 10 1 1 0
7 15 1 1 0
7 12 1 2 0
8 5 1 4 0
4 10 1 11 0
10 6 1 5 0
4 7 1 10 0
9 14 1 2 0
4 15 1 2 0
8 68
1 25
19
10 4 15 3 23
6 5 32 3 15
6 3 17 0 41
4 4 46 2 7
0 1 11 1 23
7 3 22 2 9
8 1 42 0 15
6 1 31 7 28
5 6 36 2 18
8 3 52 3 11
2 7 19 1 44
1 6 56 2 0
3 2 42 5 5
9 1 2 3 28
3 4 59 0 7
10 4 63 0 3
10 7 50 0 1
9 7 39 1 15
1 5 19 2 40
58 4
21 1
2
9 27 1 20 2
0 6 3 45 0
60 90
52 2
18
6 27 81 23 3
0 27 46 17 20
2 52 34 4 36
10 47 15 8 62
4 19 80 29 1
1 29 85 25 4
8 50 53 0 8
0 17 39 11 9
1 4 72 46 6
10 41 22 16 36
5 4 75 4 10
5 12 42 13 38
1 11 56 41 20
7 31 60 8 8
6 53 19 2 48
2 38 11 4 5
4 60 74 0 8
5 5 2 23 22
15 71
3 70
14
2 11 66 3 5
4 8 10 3 33
8 2 65 7 6
8 4 7 9 37
9 4 38 7 21
9 6 7 0 53
2 13 13 1 15
9 9 59 0 8
5 15 32 0 36
6 7 18 3 8
1 8 70 0 0
8 2 12 13 12
5 13 40 1 14
9 14 46 1 6
48 37
26 16
13
8 37 11 0 14
10 13 5 23 10
10 7 11 41 4
0 5 34 5 2
0 20 24 20 12
10 21 1 26 23
1 34 8 0 21
4 39 18 5 16
6 6 34 29 1
1 41 33 5 1
1 25 28 2 6
4 40 7 2 20
9 11 18 11 19
70 60
32 35
0
88 97
86 35
4
1 83 5 3 46
7 65 62 2 11
6 38 58 13 16
6 81 8 4 76
87 25
73 1
12
9 60 4 5 12
1 17 10 31 13
3 44 12 4 12
8 53 2 5 5
0 17 19 55 4
2 30 15 47 6
3 49 1 27 10
7 73 2 5 2
9 44 7 34 18
10 44 5 18 4
3 71 13 15 0
4 45 10 11 4
60 56
58 18
12
2 2 6 54 8
3 46 1 14 47
2 53 11 3 22
6 16 42 11 7
6 40 27 7 8
0 31 40 19 4
8 15 15 39 40
7 16 50 40 6
4 2 55 6 0
1 3 13 8 17
8 55 21 3 30
2 13 47 23 2
50 16
28 15
1
8 7 2 23 1
92 91
25 75
3
1 22 6 35 64
5 73 79 1 3
10 44 67 11 15
21 17
12 10
19
5 1 10 3 6
9 20 7 0 3
2 17 3 0 10
3 14 9 7 5
5 8 15 5 1
9 11 1 4 11
3 9 7 10 0
5 2 7 10 1
3 9 7 0 2
4 15 1 1 4
7 10 7 4 8
6 2 3 15 1
0 13 5 1 7
0 19 15 1 2
10 16 16 2 0
0 14 7 5 9
3 10 9 3 8
8 21 8 0 9
4 9 5 3 0
96 50
87 16
19
8 89 43 0 5
5 29 12 15 4
0 27 49 0 0
1 3 32 54 8
10 35 8 1 16
5 23 4 17 33
1 73 22 16 14
2 28 40 27 7
8 2 49 70 0
6 86 35 3 14
3 85 2 11 24
4 61 24 15 6
9 75 3 14 14
7 20 49 31 1
8 63 47 31 1
2 2 41 84 9
1 20 6 64 24
9 10 28 51 19
1 87 10 6 5
70 69
30 69
14
6 41 54 2 10
1 51 36 17 33
3 14 13 46 30
1 42 20 15 24
10 40 64 9 4
10 6 22 7 39
2 52 3 6 11
9 47 11 18 21
1 30 42 16 0
0 14 33 52 17
8 40 16 5 32
3 57 23 13 4
4 4 62 19 3
0 55 12 14 29
84 83
8 22
15
5 5 55 34 12
3 41 34 36 31
1 35 45 18 24
4 4 17 51 5
1 18 5 26 44
9 84 19 0 24
8 2 5 79 16
1 43 76 22 1
8 16 83 51 0
1 37 15 2 43
7 78 22 3 17
5 61 66 18 12
2 51 16 33 2
6 30 38 10 29
4 33 51 22 9
97 94
56 72
2
0 27 72 21 9
5 3 19 51 74
34 81
7 60
3
4 2 46 0 26
7 5 14 8 19
8 17 80 11 1
69 49
51 7
0
